V_applied Treal  dWamin      dWamax       I_ion       Nreal
0.639001  440.79 2.15114e-19 2.17483e-19  2.91168e-18 19.7685
0.640001  441.22 2.13559e-19 2.19049e-19  7.16582e-18 19.7684
0.641001  566.24 2.13881e-19 2.18724e-19  1.22942e-14 19.7684
0.641001  566.24 2.13881e-19 2.18724e-19  1.22942e-14 19.7684

t     V_applied
3.639 0.639001
3.64  0.639853

Treal   I_schottky  Rtheff     V_schottky V_dps    Rdisc   Rplug   Rseries Nreal
439.931 0.000392519 4.2444e+06 0.0161329  0.620867 24.8144 159.427 1397.51 19.7685
440.36  0.000393124 4.2444e+06 0.0161432  0.621858 24.8144 159.427 1397.6  19.7685
440.79  0.000393727 4.2444e+06 0.0161535  0.622847 24.8145 159.427 1397.68 19.7684
441.22  0.000313165 4.2444e+06 0.14787    0.492131 24.8145 159.427 1387.24 19.7684
566.24  0.000330834 4.2444e+06 0.120412   0.520589 24.8146 159.427 1389.32 19.7533
547.671 0.000328312 4.2444e+06 0.124474   0.516527 24.8336 159.427 1389.02 19.74

I_schottky  Treal  phibn V_schottky Nreal
0.000393124 440.36 0     0.0161432  19.7685
0.000393727 440.79 0     0.0161535  19.7685
0.000313165 441.22 0.18  0.14787    19.7684
0.000330834 566.24 0.18  0.120412   19.7684

